288 170
287 171
286 171
285 171
284 171
283 171
282 171
281 171
280 172
279 172
278 172
277 172
276 172
275 172
274 173
273 173
272 173
271 173
270 173
269 173
268 174
267 174
266 175
265 175
264 175
263 175
262 176
261 176
260 176
260 177
260 178
260 179
260 180
261 181
261 182
260 183
261 184
262 185
262 186
261 187
260 187
259 187
258 187
257 188
256 189
256 190
256 191
256 192
256 193
257 194
258 195
259 194
260 193
261 193
262 193
263 193
264 193
265 193
266 193
267 193
268 192
269 192
270 192
271 192
272 192
273 193
272 194
271 195
270 195
269 196
268 196
267 196
266 197
265 197
264 197
263 197
262 197
261 197
260 197
259 197
258 197
257 198
256 199
255 200
254 201
253 202
252 203
251 204
251 205
250 206
250 207
250 208
249 209
249 210
249 211
249 212
249 213
249 214
249 215
249 216
249 217
249 218
249 219
249 220
249 221
249 222
249 223
249 224
249 225
250 226
250 227
250 228
250 229
251 230
251 231
251 232
251 233
252 234
252 235
252 236
252 237
252 238
252 239
252 240
252 241
253 242
253 243
253 244
253 245
253 246
253 247
254 248
254 249
254 250
254 251
254 252
254 253
254 254
254 255
254 256
254 257
255 258
255 259
255 260
255 261
255 262
255 263
255 264
255 265
256 266
256 267
256 268
256 269
256 270
256 271
256 272
257 273
257 274
257 275
257 276
258 277
258 278
258 279
258 280
258 281
258 282
258 283
258 284
258 285
258 286
258 287
258 288
258 289
259 290
259 291
259 292
259 293
259 294
259 295
259 296
259 297
260 298
260 299
260 300
260 301
260 302
261 303
261 304
261 305
261 306
261 307
261 308
262 309
262 310
262 311
262 312
262 313
262 314
262 315
263 316
263 317
263 318
263 319
263 320
263 321
263 322
264 323
264 324
264 325
264 326
264 327
264 328
264 329
264 330
265 331
265 332
265 333
265 334
265 335
265 336
265 337
266 338
266 339
266 340
266 341
266 342
266 343
267 344
267 345
267 346
267 347
267 348
267 349
267 350
267 351
268 352
268 353
268 354
268 355
268 356
269 357
269 358
269 359
269 360
269 361
269 362
269 363
269 364
269 365
269 366
269 367
269 368
269 369
269 370
269 371
270 372
270 373
270 374
270 375
270 376
270 377
270 378
270 379
270 380
270 381
270 382
270 383
271 384
271 385
271 386
271 387
271 388
271 389
271 390
272 391
272 392
273 393
273 394
274 394
275 395
276 395
277 396
278 396
279 396
280 396
281 397
282 397
283 397
284 397
285 397
286 397
287 397
288 397
289 397
290 397
291 397
292 397
293 397
294 397
295 397
296 397
297 397
298 397
299 397
300 397
301 397
302 397
303 397
304 397
305 397
306 397
307 396
308 396
309 396
310 396
311 396
312 396
313 396
314 396
315 395
316 395
317 395
318 395
319 395
320 395
321 395
322 394
323 394
324 394
325 393
326 393
327 393
328 393
329 393
330 392
331 392
332 392
333 391
334 391
335 391
336 391
337 390
338 390
339 390
340 389
341 389
342 389
343 388
344 388
345 387
346 387
347 386
348 385
349 385
350 384
351 383
352 383
352 382
353 381
354 380
354 379
354 378
354 377
354 376
354 375
354 374
354 373
354 372
354 371
354 370
354 369
353 368
353 367
353 366
353 365
352 364
351 363
351 362
351 361
351 360
350 359
350 358
350 357
350 356
350 355
350 354
350 353
350 352
350 351
350 350
350 349
350 348
350 347
349 346
349 345
349 344
349 343
349 342
349 341
349 340
349 339
348 338
348 337
348 336
348 335
348 334
348 333
347 332
347 331
347 330
347 329
347 328
347 327
347 326
347 325
347 324
346 323
346 322
346 321
346 320
346 319
346 318
346 317
346 316
345 315
345 314
345 313
345 312
345 311
345 310
345 309
344 308
344 307
344 306
344 305
344 304
344 303
343 302
343 301
343 300
343 299
342 298
342 297
342 296
342 295
342 294
342 293
342 292
342 291
342 290
341 289
341 288
341 287
341 286
341 285
340 284
340 283
340 282
340 281
340 280
339 279
339 278
339 277
339 276
339 275
339 274
339 273
338 272
338 271
338 270
338 269
338 268
338 267
338 266
338 265
338 264
338 263
337 262
337 261
337 260
337 259
337 258
337 257
337 256
337 255
337 254
336 253
336 252
336 251
336 250
336 249
336 248
336 247
335 246
335 245
335 244
335 243
335 242
335 241
335 240
335 239
335 238
335 237
334 236
334 235
334 234
334 233
334 232
334 231
333 230
333 229
333 228
333 227
333 226
333 225
333 224
332 223
332 222
332 221
332 220
332 219
332 218
332 217
331 216
331 215
331 214
331 213
331 212
331 211
330 210
330 209
330 208
330 207
330 206
329 205
329 204
329 203
328 202
328 201
327 200
327 199
326 198
326 197
325 196
324 195
323 194
322 193
321 192
320 192
319 191
318 191
317 190
316 190
315 189
314 188
314 187
315 186
315 185
315 184
315 183
315 182
314 181
314 180
313 179
313 178
313 177
313 176
312 176
311 176
310 175
311 174
311 173
311 172
310 171
309 170
308 170
307 170
306 170
305 170
304 170
303 170
302 170
301 170
300 170
299 170
298 170
297 170
296 170
295 170
294 170
293 170
292 170
291 171
290 170
289 170
